0001000000
0001000001
0001000010
0001000011
0001000100
0001000101
0001000110
0001000111
0001001000
0001001001
0001001010
0001001011
0001001100
0001001101
0001001110
0001001111
0001010000
0001010001
0001010010
0001010011
0001010100
0001010101
0001010110
0001010111
0001011000
0001011001
0001011010
0001011011
0001011100
0001011101
0001011110
0001011111
0001100000
0001100001
0001100010
0001100011
0001100100
0001100101
0001100110
0001100111
0001101000
0001101001
0001101010
0001101011
0001101100
0001101101
0001101110
0001101111
0001110000
0001110001
0001110010
0001110011
0001110100
0001110101
0001110110
0001110111
0001111000
0001111001
0001111010
0001111011
0001111100
0001111101
0001111110
0001111111
