0000010000
0000010001
0000010010
0000010011
0000010100
0000010101
0000010110
0000010111
0000011000
0000011001
0000011010
0000011011
0000011100
0000011101
0000011110
0000011111
0000110000
0000110001
0000110010
0000110011
0000110100
0000110101
0000110110
0000110111
0000111000
0000111001
0000111010
0000111011
0000111100
0000111101
0000111110
0000111111
0001010000
0001010001
0001010010
0001010011
0001010100
0001010101
0001010110
0001010111
0001011000
0001011001
0001011010
0001011011
0001011100
0001011101
0001011110
0001011111
0001110000
0001110001
0001110010
0001110011
0001110100
0001110101
0001110110
0001110111
0001111000
0001111001
0001111010
0001111011
0001111100
0001111101
0001111110
0001111111
