0000001000
0000001001
0000001010
0000001011
0000001100
0000001101
0000001110
0000001111
0000011000
0000011001
0000011010
0000011011
0000011100
0000011101
0000011110
0000011111
0000101000
0000101001
0000101010
0000101011
0000101100
0000101101
0000101110
0000101111
0000111000
0000111001
0000111010
0000111011
0000111100
0000111101
0000111110
0000111111
0001001000
0001001001
0001001010
0001001011
0001001100
0001001101
0001001110
0001001111
0001011000
0001011001
0001011010
0001011011
0001011100
0001011101
0001011110
0001011111
0001101000
0001101001
0001101010
0001101011
0001101100
0001101101
0001101110
0001101111
0001111000
0001111001
0001111010
0001111011
0001111100
0001111101
0001111110
0001111111
