0000000100
0000000101
0000000110
0000000111
0000001100
0000001101
0000001110
0000001111
0000010100
0000010101
0000010110
0000010111
0000011100
0000011101
0000011110
0000011111
0000100100
0000100101
0000100110
0000100111
0000101100
0000101101
0000101110
0000101111
0000110100
0000110101
0000110110
0000110111
0000111100
0000111101
0000111110
0000111111
0001000100
0001000101
0001000110
0001000111
0001001100
0001001101
0001001110
0001001111
0001010100
0001010101
0001010110
0001010111
0001011100
0001011101
0001011110
0001011111
0001100100
0001100101
0001100110
0001100111
0001101100
0001101101
0001101110
0001101111
0001110100
0001110101
0001110110
0001110111
0001111100
0001111101
0001111110
0001111111
