0000000010
0000000011
0000000110
0000000111
0000001010
0000001011
0000001110
0000001111
0000010010
0000010011
0000010110
0000010111
0000011010
0000011011
0000011110
0000011111
0000100010
0000100011
0000100110
0000100111
0000101010
0000101011
0000101110
0000101111
0000110010
0000110011
0000110110
0000110111
0000111010
0000111011
0000111110
0000111111
0001000010
0001000011
0001000110
0001000111
0001001010
0001001011
0001001110
0001001111
0001010010
0001010011
0001010110
0001010111
0001011010
0001011011
0001011110
0001011111
0001100010
0001100011
0001100110
0001100111
0001101010
0001101011
0001101110
0001101111
0001110010
0001110011
0001110110
0001110111
0001111010
0001111011
0001111110
0001111111
