1011000000
1011000001
1011000010
1011000011
1011000100
1011000101
1011000110
1011000111
1011001000
1011001001
1011001010
1011001011
1011001100
1011001101
1011001110
1011001111
1011010000
1011010001
1011010010
1011010011
1011010100
1011010101
1011010110
1011010111
1011011000
1011011001
1011011010
1011011011
1011011100
1011011101
1011011110
1011011111
1011100000
1011100001
1011100010
1011100011
1011100100
1011100101
1011100110
1011100111
1011101000
1011101001
1011101010
1011101011
1011101100
1011101101
1011101110
1011101111
1011110000
1011110001
1011110010
1011110011
1011110100
1011110101
1011110110
1011110111
1011111000
1011111001
1011111010
1011111011
1011111100
1011111101
1011111110
1011111111
