1010100000
1010100001
1010100010
1010100011
1010100100
1010100101
1010100110
1010100111
1010101000
1010101001
1010101010
1010101011
1010101100
1010101101
1010101110
1010101111
1010110000
1010110001
1010110010
1010110011
1010110100
1010110101
1010110110
1010110111
1010111000
1010111001
1010111010
1010111011
1010111100
1010111101
1010111110
1010111111
1011100000
1011100001
1011100010
1011100011
1011100100
1011100101
1011100110
1011100111
1011101000
1011101001
1011101010
1011101011
1011101100
1011101101
1011101110
1011101111
1011110000
1011110001
1011110010
1011110011
1011110100
1011110101
1011110110
1011110111
1011111000
1011111001
1011111010
1011111011
1011111100
1011111101
1011111110
1011111111
