1010010000
1010010001
1010010010
1010010011
1010010100
1010010101
1010010110
1010010111
1010011000
1010011001
1010011010
1010011011
1010011100
1010011101
1010011110
1010011111
1010110000
1010110001
1010110010
1010110011
1010110100
1010110101
1010110110
1010110111
1010111000
1010111001
1010111010
1010111011
1010111100
1010111101
1010111110
1010111111
1011010000
1011010001
1011010010
1011010011
1011010100
1011010101
1011010110
1011010111
1011011000
1011011001
1011011010
1011011011
1011011100
1011011101
1011011110
1011011111
1011110000
1011110001
1011110010
1011110011
1011110100
1011110101
1011110110
1011110111
1011111000
1011111001
1011111010
1011111011
1011111100
1011111101
1011111110
1011111111
