1010001000
1010001001
1010001010
1010001011
1010001100
1010001101
1010001110
1010001111
1010011000
1010011001
1010011010
1010011011
1010011100
1010011101
1010011110
1010011111
1010101000
1010101001
1010101010
1010101011
1010101100
1010101101
1010101110
1010101111
1010111000
1010111001
1010111010
1010111011
1010111100
1010111101
1010111110
1010111111
1011001000
1011001001
1011001010
1011001011
1011001100
1011001101
1011001110
1011001111
1011011000
1011011001
1011011010
1011011011
1011011100
1011011101
1011011110
1011011111
1011101000
1011101001
1011101010
1011101011
1011101100
1011101101
1011101110
1011101111
1011111000
1011111001
1011111010
1011111011
1011111100
1011111101
1011111110
1011111111
