1010000100
1010000101
1010000110
1010000111
1010001100
1010001101
1010001110
1010001111
1010010100
1010010101
1010010110
1010010111
1010011100
1010011101
1010011110
1010011111
1010100100
1010100101
1010100110
1010100111
1010101100
1010101101
1010101110
1010101111
1010110100
1010110101
1010110110
1010110111
1010111100
1010111101
1010111110
1010111111
1011000100
1011000101
1011000110
1011000111
1011001100
1011001101
1011001110
1011001111
1011010100
1011010101
1011010110
1011010111
1011011100
1011011101
1011011110
1011011111
1011100100
1011100101
1011100110
1011100111
1011101100
1011101101
1011101110
1011101111
1011110100
1011110101
1011110110
1011110111
1011111100
1011111101
1011111110
1011111111
