1010000010
1010000011
1010000110
1010000111
1010001010
1010001011
1010001110
1010001111
1010010010
1010010011
1010010110
1010010111
1010011010
1010011011
1010011110
1010011111
1010100010
1010100011
1010100110
1010100111
1010101010
1010101011
1010101110
1010101111
1010110010
1010110011
1010110110
1010110111
1010111010
1010111011
1010111110
1010111111
1011000010
1011000011
1011000110
1011000111
1011001010
1011001011
1011001110
1011001111
1011010010
1011010011
1011010110
1011010111
1011011010
1011011011
1011011110
1011011111
1011100010
1011100011
1011100110
1011100111
1011101010
1011101011
1011101110
1011101111
1011110010
1011110011
1011110110
1011110111
1011111010
1011111011
1011111110
1011111111
