1010000001
1010000011
1010000101
1010000111
1010001001
1010001011
1010001101
1010001111
1010010001
1010010011
1010010101
1010010111
1010011001
1010011011
1010011101
1010011111
1010100001
1010100011
1010100101
1010100111
1010101001
1010101011
1010101101
1010101111
1010110001
1010110011
1010110101
1010110111
1010111001
1010111011
1010111101
1010111111
1011000001
1011000011
1011000101
1011000111
1011001001
1011001011
1011001101
1011001111
1011010001
1011010011
1011010101
1011010111
1011011001
1011011011
1011011101
1011011111
1011100001
1011100011
1011100101
1011100111
1011101001
1011101011
1011101101
1011101111
1011110001
1011110011
1011110101
1011110111
1011111001
1011111011
1011111101
1011111111
