1000100000
1000100001
1000100010
1000100011
1000100100
1000100101
1000100110
1000100111
1000101000
1000101001
1000101010
1000101011
1000101100
1000101101
1000101110
1000101111
1000110000
1000110001
1000110010
1000110011
1000110100
1000110101
1000110110
1000110111
1000111000
1000111001
1000111010
1000111011
1000111100
1000111101
1000111110
1000111111
1001100000
1001100001
1001100010
1001100011
1001100100
1001100101
1001100110
1001100111
1001101000
1001101001
1001101010
1001101011
1001101100
1001101101
1001101110
1001101111
1001110000
1001110001
1001110010
1001110011
1001110100
1001110101
1001110110
1001110111
1001111000
1001111001
1001111010
1001111011
1001111100
1001111101
1001111110
1001111111
