1000010000
1000010001
1000010010
1000010011
1000010100
1000010101
1000010110
1000010111
1000011000
1000011001
1000011010
1000011011
1000011100
1000011101
1000011110
1000011111
1000110000
1000110001
1000110010
1000110011
1000110100
1000110101
1000110110
1000110111
1000111000
1000111001
1000111010
1000111011
1000111100
1000111101
1000111110
1000111111
1001010000
1001010001
1001010010
1001010011
1001010100
1001010101
1001010110
1001010111
1001011000
1001011001
1001011010
1001011011
1001011100
1001011101
1001011110
1001011111
1001110000
1001110001
1001110010
1001110011
1001110100
1001110101
1001110110
1001110111
1001111000
1001111001
1001111010
1001111011
1001111100
1001111101
1001111110
1001111111
