1000001000
1000001001
1000001010
1000001011
1000001100
1000001101
1000001110
1000001111
1000011000
1000011001
1000011010
1000011011
1000011100
1000011101
1000011110
1000011111
1000101000
1000101001
1000101010
1000101011
1000101100
1000101101
1000101110
1000101111
1000111000
1000111001
1000111010
1000111011
1000111100
1000111101
1000111110
1000111111
1001001000
1001001001
1001001010
1001001011
1001001100
1001001101
1001001110
1001001111
1001011000
1001011001
1001011010
1001011011
1001011100
1001011101
1001011110
1001011111
1001101000
1001101001
1001101010
1001101011
1001101100
1001101101
1001101110
1001101111
1001111000
1001111001
1001111010
1001111011
1001111100
1001111101
1001111110
1001111111
