1000000100
1000000101
1000000110
1000000111
1000001100
1000001101
1000001110
1000001111
1000010100
1000010101
1000010110
1000010111
1000011100
1000011101
1000011110
1000011111
1000100100
1000100101
1000100110
1000100111
1000101100
1000101101
1000101110
1000101111
1000110100
1000110101
1000110110
1000110111
1000111100
1000111101
1000111110
1000111111
1001000100
1001000101
1001000110
1001000111
1001001100
1001001101
1001001110
1001001111
1001010100
1001010101
1001010110
1001010111
1001011100
1001011101
1001011110
1001011111
1001100100
1001100101
1001100110
1001100111
1001101100
1001101101
1001101110
1001101111
1001110100
1001110101
1001110110
1001110111
1001111100
1001111101
1001111110
1001111111
