1000000010
1000000011
1000000110
1000000111
1000001010
1000001011
1000001110
1000001111
1000010010
1000010011
1000010110
1000010111
1000011010
1000011011
1000011110
1000011111
1000100010
1000100011
1000100110
1000100111
1000101010
1000101011
1000101110
1000101111
1000110010
1000110011
1000110110
1000110111
1000111010
1000111011
1000111110
1000111111
1001000010
1001000011
1001000110
1001000111
1001001010
1001001011
1001001110
1001001111
1001010010
1001010011
1001010110
1001010111
1001011010
1001011011
1001011110
1001011111
1001100010
1001100011
1001100110
1001100111
1001101010
1001101011
1001101110
1001101111
1001110010
1001110011
1001110110
1001110111
1001111010
1001111011
1001111110
1001111111
