1000000001
1000000011
1000000101
1000000111
1000001001
1000001011
1000001101
1000001111
1000010001
1000010011
1000010101
1000010111
1000011001
1000011011
1000011101
1000011111
1000100001
1000100011
1000100101
1000100111
1000101001
1000101011
1000101101
1000101111
1000110001
1000110011
1000110101
1000110111
1000111001
1000111011
1000111101
1000111111
1001000001
1001000011
1001000101
1001000111
1001001001
1001001011
1001001101
1001001111
1001010001
1001010011
1001010101
1001010111
1001011001
1001011011
1001011101
1001011111
1001100001
1001100011
1001100101
1001100111
1001101001
1001101011
1001101101
1001101111
1001110001
1001110011
1001110101
1001110111
1001111001
1001111011
1001111101
1001111111
