0111001001
1001101100
0100100110
1010000110
1101100001
0110110011
0101101011
1111100111
0010011011
1010100011
0111111111
0010101101
0111100001
0111000111
1111110000
1000000111
0011010111
1000010011
1000000101
1101110010
0110111100
1010000101
1111110110
0011100000
1000111101
0000100100
0001100011
0001111110
1100011000
0101111110
0000101111
1101010000
0111100100
1110100111
1010011011
0001011111
1010011100
0011110101
0101111101
0010100000
0100110001
1000111110
0101111111
1101010010
0101011010
1101111010
