1101000000
1101000001
1101000010
1101000011
1101000100
1101000101
1101000110
1101000111
1101001000
1101001001
1101001010
1101001011
1101001100
1101001101
1101001110
1101001111
1101010000
1101010001
1101010010
1101010011
1101010100
1101010101
1101010110
1101010111
1101011000
1101011001
1101011010
1101011011
1101011100
1101011101
1101011110
1101011111
1101100000
1101100001
1101100010
1101100011
1101100100
1101100101
1101100110
1101100111
1101101000
1101101001
1101101010
1101101011
1101101100
1101101101
1101101110
1101101111
1101110000
1101110001
1101110010
1101110011
1101110100
1101110101
1101110110
1101110111
1101111000
1101111001
1101111010
1101111011
1101111100
1101111101
1101111110
1101111111
