1100100000
1100100001
1100100010
1100100011
1100100100
1100100101
1100100110
1100100111
1100101000
1100101001
1100101010
1100101011
1100101100
1100101101
1100101110
1100101111
1100110000
1100110001
1100110010
1100110011
1100110100
1100110101
1100110110
1100110111
1100111000
1100111001
1100111010
1100111011
1100111100
1100111101
1100111110
1100111111
1101100000
1101100001
1101100010
1101100011
1101100100
1101100101
1101100110
1101100111
1101101000
1101101001
1101101010
1101101011
1101101100
1101101101
1101101110
1101101111
1101110000
1101110001
1101110010
1101110011
1101110100
1101110101
1101110110
1101110111
1101111000
1101111001
1101111010
1101111011
1101111100
1101111101
1101111110
1101111111
