1100010000
1100010001
1100010010
1100010011
1100010100
1100010101
1100010110
1100010111
1100011000
1100011001
1100011010
1100011011
1100011100
1100011101
1100011110
1100011111
1100110000
1100110001
1100110010
1100110011
1100110100
1100110101
1100110110
1100110111
1100111000
1100111001
1100111010
1100111011
1100111100
1100111101
1100111110
1100111111
1101010000
1101010001
1101010010
1101010011
1101010100
1101010101
1101010110
1101010111
1101011000
1101011001
1101011010
1101011011
1101011100
1101011101
1101011110
1101011111
1101110000
1101110001
1101110010
1101110011
1101110100
1101110101
1101110110
1101110111
1101111000
1101111001
1101111010
1101111011
1101111100
1101111101
1101111110
1101111111
