1100001000
1100001001
1100001010
1100001011
1100001100
1100001101
1100001110
1100001111
1100011000
1100011001
1100011010
1100011011
1100011100
1100011101
1100011110
1100011111
1100101000
1100101001
1100101010
1100101011
1100101100
1100101101
1100101110
1100101111
1100111000
1100111001
1100111010
1100111011
1100111100
1100111101
1100111110
1100111111
1101001000
1101001001
1101001010
1101001011
1101001100
1101001101
1101001110
1101001111
1101011000
1101011001
1101011010
1101011011
1101011100
1101011101
1101011110
1101011111
1101101000
1101101001
1101101010
1101101011
1101101100
1101101101
1101101110
1101101111
1101111000
1101111001
1101111010
1101111011
1101111100
1101111101
1101111110
1101111111
