1100000100
1100000101
1100000110
1100000111
1100001100
1100001101
1100001110
1100001111
1100010100
1100010101
1100010110
1100010111
1100011100
1100011101
1100011110
1100011111
1100100100
1100100101
1100100110
1100100111
1100101100
1100101101
1100101110
1100101111
1100110100
1100110101
1100110110
1100110111
1100111100
1100111101
1100111110
1100111111
1101000100
1101000101
1101000110
1101000111
1101001100
1101001101
1101001110
1101001111
1101010100
1101010101
1101010110
1101010111
1101011100
1101011101
1101011110
1101011111
1101100100
1101100101
1101100110
1101100111
1101101100
1101101101
1101101110
1101101111
1101110100
1101110101
1101110110
1101110111
1101111100
1101111101
1101111110
1101111111
