1100000010
1100000011
1100000110
1100000111
1100001010
1100001011
1100001110
1100001111
1100010010
1100010011
1100010110
1100010111
1100011010
1100011011
1100011110
1100011111
1100100010
1100100011
1100100110
1100100111
1100101010
1100101011
1100101110
1100101111
1100110010
1100110011
1100110110
1100110111
1100111010
1100111011
1100111110
1100111111
1101000010
1101000011
1101000110
1101000111
1101001010
1101001011
1101001110
1101001111
1101010010
1101010011
1101010110
1101010111
1101011010
1101011011
1101011110
1101011111
1101100010
1101100011
1101100110
1101100111
1101101010
1101101011
1101101110
1101101111
1101110010
1101110011
1101110110
1101110111
1101111010
1101111011
1101111110
1101111111
