1100000001
1100000011
1100000101
1100000111
1100001001
1100001011
1100001101
1100001111
1100010001
1100010011
1100010101
1100010111
1100011001
1100011011
1100011101
1100011111
1100100001
1100100011
1100100101
1100100111
1100101001
1100101011
1100101101
1100101111
1100110001
1100110011
1100110101
1100110111
1100111001
1100111011
1100111101
1100111111
1101000001
1101000011
1101000101
1101000111
1101001001
1101001011
1101001101
1101001111
1101010001
1101010011
1101010101
1101010111
1101011001
1101011011
1101011101
1101011111
1101100001
1101100011
1101100101
1101100111
1101101001
1101101011
1101101101
1101101111
1101110001
1101110011
1101110101
1101110111
1101111001
1101111011
1101111101
1101111111
