0111000000
0111000001
0111000010
0111000011
0111000100
0111000101
0111000110
0111000111
0111001000
0111001001
0111001010
0111001011
0111001100
0111001101
0111001110
0111001111
0111010000
0111010001
0111010010
0111010011
0111010100
0111010101
0111010110
0111010111
0111011000
0111011001
0111011010
0111011011
0111011100
0111011101
0111011110
0111011111
0111100000
0111100001
0111100010
0111100011
0111100100
0111100101
0111100110
0111100111
0111101000
0111101001
0111101010
0111101011
0111101100
0111101101
0111101110
0111101111
0111110000
0111110001
0111110010
0111110011
0111110100
0111110101
0111110110
0111110111
0111111000
0111111001
0111111010
0111111011
0111111100
0111111101
0111111110
0111111111
