0110100000
0110100001
0110100010
0110100011
0110100100
0110100101
0110100110
0110100111
0110101000
0110101001
0110101010
0110101011
0110101100
0110101101
0110101110
0110101111
0110110000
0110110001
0110110010
0110110011
0110110100
0110110101
0110110110
0110110111
0110111000
0110111001
0110111010
0110111011
0110111100
0110111101
0110111110
0110111111
0111100000
0111100001
0111100010
0111100011
0111100100
0111100101
0111100110
0111100111
0111101000
0111101001
0111101010
0111101011
0111101100
0111101101
0111101110
0111101111
0111110000
0111110001
0111110010
0111110011
0111110100
0111110101
0111110110
0111110111
0111111000
0111111001
0111111010
0111111011
0111111100
0111111101
0111111110
0111111111
