0110010000
0110010001
0110010010
0110010011
0110010100
0110010101
0110010110
0110010111
0110011000
0110011001
0110011010
0110011011
0110011100
0110011101
0110011110
0110011111
0110110000
0110110001
0110110010
0110110011
0110110100
0110110101
0110110110
0110110111
0110111000
0110111001
0110111010
0110111011
0110111100
0110111101
0110111110
0110111111
0111010000
0111010001
0111010010
0111010011
0111010100
0111010101
0111010110
0111010111
0111011000
0111011001
0111011010
0111011011
0111011100
0111011101
0111011110
0111011111
0111110000
0111110001
0111110010
0111110011
0111110100
0111110101
0111110110
0111110111
0111111000
0111111001
0111111010
0111111011
0111111100
0111111101
0111111110
0111111111
