0110001000
0110001001
0110001010
0110001011
0110001100
0110001101
0110001110
0110001111
0110011000
0110011001
0110011010
0110011011
0110011100
0110011101
0110011110
0110011111
0110101000
0110101001
0110101010
0110101011
0110101100
0110101101
0110101110
0110101111
0110111000
0110111001
0110111010
0110111011
0110111100
0110111101
0110111110
0110111111
0111001000
0111001001
0111001010
0111001011
0111001100
0111001101
0111001110
0111001111
0111011000
0111011001
0111011010
0111011011
0111011100
0111011101
0111011110
0111011111
0111101000
0111101001
0111101010
0111101011
0111101100
0111101101
0111101110
0111101111
0111111000
0111111001
0111111010
0111111011
0111111100
0111111101
0111111110
0111111111
