0110000100
0110000101
0110000110
0110000111
0110001100
0110001101
0110001110
0110001111
0110010100
0110010101
0110010110
0110010111
0110011100
0110011101
0110011110
0110011111
0110100100
0110100101
0110100110
0110100111
0110101100
0110101101
0110101110
0110101111
0110110100
0110110101
0110110110
0110110111
0110111100
0110111101
0110111110
0110111111
0111000100
0111000101
0111000110
0111000111
0111001100
0111001101
0111001110
0111001111
0111010100
0111010101
0111010110
0111010111
0111011100
0111011101
0111011110
0111011111
0111100100
0111100101
0111100110
0111100111
0111101100
0111101101
0111101110
0111101111
0111110100
0111110101
0111110110
0111110111
0111111100
0111111101
0111111110
0111111111
