0110000010
0110000011
0110000110
0110000111
0110001010
0110001011
0110001110
0110001111
0110010010
0110010011
0110010110
0110010111
0110011010
0110011011
0110011110
0110011111
0110100010
0110100011
0110100110
0110100111
0110101010
0110101011
0110101110
0110101111
0110110010
0110110011
0110110110
0110110111
0110111010
0110111011
0110111110
0110111111
0111000010
0111000011
0111000110
0111000111
0111001010
0111001011
0111001110
0111001111
0111010010
0111010011
0111010110
0111010111
0111011010
0111011011
0111011110
0111011111
0111100010
0111100011
0111100110
0111100111
0111101010
0111101011
0111101110
0111101111
0111110010
0111110011
0111110110
0111110111
0111111010
0111111011
0111111110
0111111111
