0110000001
0110000011
0110000101
0110000111
0110001001
0110001011
0110001101
0110001111
0110010001
0110010011
0110010101
0110010111
0110011001
0110011011
0110011101
0110011111
0110100001
0110100011
0110100101
0110100111
0110101001
0110101011
0110101101
0110101111
0110110001
0110110011
0110110101
0110110111
0110111001
0110111011
0110111101
0110111111
0111000001
0111000011
0111000101
0111000111
0111001001
0111001011
0111001101
0111001111
0111010001
0111010011
0111010101
0111010111
0111011001
0111011011
0111011101
0111011111
0111100001
0111100011
0111100101
0111100111
0111101001
0111101011
0111101101
0111101111
0111110001
0111110011
0111110101
0111110111
0111111001
0111111011
0111111101
0111111111
