0100100000
0100100001
0100100010
0100100011
0100100100
0100100101
0100100110
0100100111
0100101000
0100101001
0100101010
0100101011
0100101100
0100101101
0100101110
0100101111
0100110000
0100110001
0100110010
0100110011
0100110100
0100110101
0100110110
0100110111
0100111000
0100111001
0100111010
0100111011
0100111100
0100111101
0100111110
0100111111
0101100000
0101100001
0101100010
0101100011
0101100100
0101100101
0101100110
0101100111
0101101000
0101101001
0101101010
0101101011
0101101100
0101101101
0101101110
0101101111
0101110000
0101110001
0101110010
0101110011
0101110100
0101110101
0101110110
0101110111
0101111000
0101111001
0101111010
0101111011
0101111100
0101111101
0101111110
0101111111
