0100010000
0100010001
0100010010
0100010011
0100010100
0100010101
0100010110
0100010111
0100011000
0100011001
0100011010
0100011011
0100011100
0100011101
0100011110
0100011111
0100110000
0100110001
0100110010
0100110011
0100110100
0100110101
0100110110
0100110111
0100111000
0100111001
0100111010
0100111011
0100111100
0100111101
0100111110
0100111111
0101010000
0101010001
0101010010
0101010011
0101010100
0101010101
0101010110
0101010111
0101011000
0101011001
0101011010
0101011011
0101011100
0101011101
0101011110
0101011111
0101110000
0101110001
0101110010
0101110011
0101110100
0101110101
0101110110
0101110111
0101111000
0101111001
0101111010
0101111011
0101111100
0101111101
0101111110
0101111111
