0100001000
0100001001
0100001010
0100001011
0100001100
0100001101
0100001110
0100001111
0100011000
0100011001
0100011010
0100011011
0100011100
0100011101
0100011110
0100011111
0100101000
0100101001
0100101010
0100101011
0100101100
0100101101
0100101110
0100101111
0100111000
0100111001
0100111010
0100111011
0100111100
0100111101
0100111110
0100111111
0101001000
0101001001
0101001010
0101001011
0101001100
0101001101
0101001110
0101001111
0101011000
0101011001
0101011010
0101011011
0101011100
0101011101
0101011110
0101011111
0101101000
0101101001
0101101010
0101101011
0101101100
0101101101
0101101110
0101101111
0101111000
0101111001
0101111010
0101111011
0101111100
0101111101
0101111110
0101111111
