0100000100
0100000101
0100000110
0100000111
0100001100
0100001101
0100001110
0100001111
0100010100
0100010101
0100010110
0100010111
0100011100
0100011101
0100011110
0100011111
0100100100
0100100101
0100100110
0100100111
0100101100
0100101101
0100101110
0100101111
0100110100
0100110101
0100110110
0100110111
0100111100
0100111101
0100111110
0100111111
0101000100
0101000101
0101000110
0101000111
0101001100
0101001101
0101001110
0101001111
0101010100
0101010101
0101010110
0101010111
0101011100
0101011101
0101011110
0101011111
0101100100
0101100101
0101100110
0101100111
0101101100
0101101101
0101101110
0101101111
0101110100
0101110101
0101110110
0101110111
0101111100
0101111101
0101111110
0101111111
