0100000010
0100000011
0100000110
0100000111
0100001010
0100001011
0100001110
0100001111
0100010010
0100010011
0100010110
0100010111
0100011010
0100011011
0100011110
0100011111
0100100010
0100100011
0100100110
0100100111
0100101010
0100101011
0100101110
0100101111
0100110010
0100110011
0100110110
0100110111
0100111010
0100111011
0100111110
0100111111
0101000010
0101000011
0101000110
0101000111
0101001010
0101001011
0101001110
0101001111
0101010010
0101010011
0101010110
0101010111
0101011010
0101011011
0101011110
0101011111
0101100010
0101100011
0101100110
0101100111
0101101010
0101101011
0101101110
0101101111
0101110010
0101110011
0101110110
0101110111
0101111010
0101111011
0101111110
0101111111
