0100000001
0100000011
0100000101
0100000111
0100001001
0100001011
0100001101
0100001111
0100010001
0100010011
0100010101
0100010111
0100011001
0100011011
0100011101
0100011111
0100100001
0100100011
0100100101
0100100111
0100101001
0100101011
0100101101
0100101111
0100110001
0100110011
0100110101
0100110111
0100111001
0100111011
0100111101
0100111111
0101000001
0101000011
0101000101
0101000111
0101001001
0101001011
0101001101
0101001111
0101010001
0101010011
0101010101
0101010111
0101011001
0101011011
0101011101
0101011111
0101100001
0101100011
0101100101
0101100111
0101101001
0101101011
0101101101
0101101111
0101110001
0101110011
0101110101
0101110111
0101111001
0101111011
0101111101
0101111111
