1110010000
1110010001
1110010010
1110010011
1110010100
1110010101
1110010110
1110010111
1110011000
1110011001
1110011010
1110011011
1110011100
1110011101
1110011110
1110011111
1110110000
1110110001
1110110010
1110110011
1110110100
1110110101
1110110110
1110110111
1110111000
1110111001
1110111010
1110111011
1110111100
1110111101
1110111110
1110111111
1111010000
1111010001
1111010010
1111010011
1111010100
1111010101
1111010110
1111010111
1111011000
1111011001
1111011010
1111011011
1111011100
1111011101
1111011110
1111011111
1111110000
1111110001
1111110010
1111110011
1111110100
1111110101
1111110110
1111110111
1111111000
1111111001
1111111010
1111111011
1111111100
1111111101
1111111110
1111111111
