1110001000
1110001001
1110001010
1110001011
1110001100
1110001101
1110001110
1110001111
1110011000
1110011001
1110011010
1110011011
1110011100
1110011101
1110011110
1110011111
1110101000
1110101001
1110101010
1110101011
1110101100
1110101101
1110101110
1110101111
1110111000
1110111001
1110111010
1110111011
1110111100
1110111101
1110111110
1110111111
1111001000
1111001001
1111001010
1111001011
1111001100
1111001101
1111001110
1111001111
1111011000
1111011001
1111011010
1111011011
1111011100
1111011101
1111011110
1111011111
1111101000
1111101001
1111101010
1111101011
1111101100
1111101101
1111101110
1111101111
1111111000
1111111001
1111111010
1111111011
1111111100
1111111101
1111111110
1111111111
