1110000100
1110000101
1110000110
1110000111
1110001100
1110001101
1110001110
1110001111
1110010100
1110010101
1110010110
1110010111
1110011100
1110011101
1110011110
1110011111
1110100100
1110100101
1110100110
1110100111
1110101100
1110101101
1110101110
1110101111
1110110100
1110110101
1110110110
1110110111
1110111100
1110111101
1110111110
1110111111
1111000100
1111000101
1111000110
1111000111
1111001100
1111001101
1111001110
1111001111
1111010100
1111010101
1111010110
1111010111
1111011100
1111011101
1111011110
1111011111
1111100100
1111100101
1111100110
1111100111
1111101100
1111101101
1111101110
1111101111
1111110100
1111110101
1111110110
1111110111
1111111100
1111111101
1111111110
1111111111
