1110000010
1110000011
1110000110
1110000111
1110001010
1110001011
1110001110
1110001111
1110010010
1110010011
1110010110
1110010111
1110011010
1110011011
1110011110
1110011111
1110100010
1110100011
1110100110
1110100111
1110101010
1110101011
1110101110
1110101111
1110110010
1110110011
1110110110
1110110111
1110111010
1110111011
1110111110
1110111111
1111000010
1111000011
1111000110
1111000111
1111001010
1111001011
1111001110
1111001111
1111010010
1111010011
1111010110
1111010111
1111011010
1111011011
1111011110
1111011111
1111100010
1111100011
1111100110
1111100111
1111101010
1111101011
1111101110
1111101111
1111110010
1111110011
1111110110
1111110111
1111111010
1111111011
1111111110
1111111111
