1110000001
1110000011
1110000101
1110000111
1110001001
1110001011
1110001101
1110001111
1110010001
1110010011
1110010101
1110010111
1110011001
1110011011
1110011101
1110011111
1110100001
1110100011
1110100101
1110100111
1110101001
1110101011
1110101101
1110101111
1110110001
1110110011
1110110101
1110110111
1110111001
1110111011
1110111101
1110111111
1111000001
1111000011
1111000101
1111000111
1111001001
1111001011
1111001101
1111001111
1111010001
1111010011
1111010101
1111010111
1111011001
1111011011
1111011101
1111011111
1111100001
1111100011
1111100101
1111100111
1111101001
1111101011
1111101101
1111101111
1111110001
1111110011
1111110101
1111110111
1111111001
1111111011
1111111101
1111111111
