0010100000
0010100001
0010100010
0010100011
0010100100
0010100101
0010100110
0010100111
0010101000
0010101001
0010101010
0010101011
0010101100
0010101101
0010101110
0010101111
0010110000
0010110001
0010110010
0010110011
0010110100
0010110101
0010110110
0010110111
0010111000
0010111001
0010111010
0010111011
0010111100
0010111101
0010111110
0010111111
0011100000
0011100001
0011100010
0011100011
0011100100
0011100101
0011100110
0011100111
0011101000
0011101001
0011101010
0011101011
0011101100
0011101101
0011101110
0011101111
0011110000
0011110001
0011110010
0011110011
0011110100
0011110101
0011110110
0011110111
0011111000
0011111001
0011111010
0011111011
0011111100
0011111101
0011111110
0011111111
