0010010000
0010010001
0010010010
0010010011
0010010100
0010010101
0010010110
0010010111
0010011000
0010011001
0010011010
0010011011
0010011100
0010011101
0010011110
0010011111
0010110000
0010110001
0010110010
0010110011
0010110100
0010110101
0010110110
0010110111
0010111000
0010111001
0010111010
0010111011
0010111100
0010111101
0010111110
0010111111
0011010000
0011010001
0011010010
0011010011
0011010100
0011010101
0011010110
0011010111
0011011000
0011011001
0011011010
0011011011
0011011100
0011011101
0011011110
0011011111
0011110000
0011110001
0011110010
0011110011
0011110100
0011110101
0011110110
0011110111
0011111000
0011111001
0011111010
0011111011
0011111100
0011111101
0011111110
0011111111
