0010001000
0010001001
0010001010
0010001011
0010001100
0010001101
0010001110
0010001111
0010011000
0010011001
0010011010
0010011011
0010011100
0010011101
0010011110
0010011111
0010101000
0010101001
0010101010
0010101011
0010101100
0010101101
0010101110
0010101111
0010111000
0010111001
0010111010
0010111011
0010111100
0010111101
0010111110
0010111111
0011001000
0011001001
0011001010
0011001011
0011001100
0011001101
0011001110
0011001111
0011011000
0011011001
0011011010
0011011011
0011011100
0011011101
0011011110
0011011111
0011101000
0011101001
0011101010
0011101011
0011101100
0011101101
0011101110
0011101111
0011111000
0011111001
0011111010
0011111011
0011111100
0011111101
0011111110
0011111111
