0010000100
0010000101
0010000110
0010000111
0010001100
0010001101
0010001110
0010001111
0010010100
0010010101
0010010110
0010010111
0010011100
0010011101
0010011110
0010011111
0010100100
0010100101
0010100110
0010100111
0010101100
0010101101
0010101110
0010101111
0010110100
0010110101
0010110110
0010110111
0010111100
0010111101
0010111110
0010111111
0011000100
0011000101
0011000110
0011000111
0011001100
0011001101
0011001110
0011001111
0011010100
0011010101
0011010110
0011010111
0011011100
0011011101
0011011110
0011011111
0011100100
0011100101
0011100110
0011100111
0011101100
0011101101
0011101110
0011101111
0011110100
0011110101
0011110110
0011110111
0011111100
0011111101
0011111110
0011111111
