0010000010
0010000011
0010000110
0010000111
0010001010
0010001011
0010001110
0010001111
0010010010
0010010011
0010010110
0010010111
0010011010
0010011011
0010011110
0010011111
0010100010
0010100011
0010100110
0010100111
0010101010
0010101011
0010101110
0010101111
0010110010
0010110011
0010110110
0010110111
0010111010
0010111011
0010111110
0010111111
0011000010
0011000011
0011000110
0011000111
0011001010
0011001011
0011001110
0011001111
0011010010
0011010011
0011010110
0011010111
0011011010
0011011011
0011011110
0011011111
0011100010
0011100011
0011100110
0011100111
0011101010
0011101011
0011101110
0011101111
0011110010
0011110011
0011110110
0011110111
0011111010
0011111011
0011111110
0011111111
