0010000001
0010000011
0010000101
0010000111
0010001001
0010001011
0010001101
0010001111
0010010001
0010010011
0010010101
0010010111
0010011001
0010011011
0010011101
0010011111
0010100001
0010100011
0010100101
0010100111
0010101001
0010101011
0010101101
0010101111
0010110001
0010110011
0010110101
0010110111
0010111001
0010111011
0010111101
0010111111
0011000001
0011000011
0011000101
0011000111
0011001001
0011001011
0011001101
0011001111
0011010001
0011010011
0011010101
0011010111
0011011001
0011011011
0011011101
0011011111
0011100001
0011100011
0011100101
0011100111
0011101001
0011101011
0011101101
0011101111
0011110001
0011110011
0011110101
0011110111
0011111001
0011111011
0011111101
0011111111
