1100000000
1100000001
1100000010
1100000011
1100000100
1100000101
1100000110
1100000111
1100001000
1100001001
1100001010
1100001011
1100001100
1100001101
1100001110
1100001111
1100010000
1100010001
1100010010
1100010011
1100010100
1100010101
1100010110
1100010111
1100011000
1100011001
1100011010
1100011011
1100011100
1100011101
1100011110
1100011111
1100100000
1100100001
1100100010
1100100011
1100100100
1100100101
1100100110
1100100111
1100101000
1100101001
1100101010
1100101011
1100101100
1100101101
1100101110
1100101111
1100110000
1100110001
1100110010
1100110011
1100110100
1100110101
1100110110
1100110111
1100111000
1100111001
1100111010
1100111011
1100111100
1100111101
1100111110
1100111111
