0100000000
0100000001
0100000010
0100000011
0100000100
0100000101
0100000110
0100000111
0100001000
0100001001
0100001010
0100001011
0100001100
0100001101
0100001110
0100001111
0100010000
0100010001
0100010010
0100010011
0100010100
0100010101
0100010110
0100010111
0100011000
0100011001
0100011010
0100011011
0100011100
0100011101
0100011110
0100011111
0100100000
0100100001
0100100010
0100100011
0100100100
0100100101
0100100110
0100100111
0100101000
0100101001
0100101010
0100101011
0100101100
0100101101
0100101110
0100101111
0100110000
0100110001
0100110010
0100110011
0100110100
0100110101
0100110110
0100110111
0100111000
0100111001
0100111010
0100111011
0100111100
0100111101
0100111110
0100111111
