0011000000
0011000001
0011000010
0011000011
0011000100
0011000101
0011000110
0011000111
0011001000
0011001001
0011001010
0011001011
0011001100
0011001101
0011001110
0011001111
0011010000
0011010001
0011010010
0011010011
0011010100
0011010101
0011010110
0011010111
0011011000
0011011001
0011011010
0011011011
0011011100
0011011101
0011011110
0011011111
0011100000
0011100001
0011100010
0011100011
0011100100
0011100101
0011100110
0011100111
0011101000
0011101001
0011101010
0011101011
0011101100
0011101101
0011101110
0011101111
0011110000
0011110001
0011110010
0011110011
0011110100
0011110101
0011110110
0011110111
0011111000
0011111001
0011111010
0011111011
0011111100
0011111101
0011111110
0011111111
