1001000000
1001000001
1001000010
1001000011
1001000100
1001000101
1001000110
1001000111
1001001000
1001001001
1001001010
1001001011
1001001100
1001001101
1001001110
1001001111
1001010000
1001010001
1001010010
1001010011
1001010100
1001010101
1001010110
1001010111
1001011000
1001011001
1001011010
1001011011
1001011100
1001011101
1001011110
1001011111
1001100000
1001100001
1001100010
1001100011
1001100100
1001100101
1001100110
1001100111
1001101000
1001101001
1001101010
1001101011
1001101100
1001101101
1001101110
1001101111
1001110000
1001110001
1001110010
1001110011
1001110100
1001110101
1001110110
1001110111
1001111000
1001111001
1001111010
1001111011
1001111100
1001111101
1001111110
1001111111
