0101000000
0101000001
0101000010
0101000011
0101000100
0101000101
0101000110
0101000111
0101001000
0101001001
0101001010
0101001011
0101001100
0101001101
0101001110
0101001111
0101010000
0101010001
0101010010
0101010011
0101010100
0101010101
0101010110
0101010111
0101011000
0101011001
0101011010
0101011011
0101011100
0101011101
0101011110
0101011111
0101100000
0101100001
0101100010
0101100011
0101100100
0101100101
0101100110
0101100111
0101101000
0101101001
0101101010
0101101011
0101101100
0101101101
0101101110
0101101111
0101110000
0101110001
0101110010
0101110011
0101110100
0101110101
0101110110
0101110111
0101111000
0101111001
0101111010
0101111011
0101111100
0101111101
0101111110
0101111111
