1110000000
1110000001
1110000010
1110000011
1110000100
1110000101
1110000110
1110000111
1110001000
1110001001
1110001010
1110001011
1110001100
1110001101
1110001110
1110001111
1110010000
1110010001
1110010010
1110010011
1110010100
1110010101
1110010110
1110010111
1110011000
1110011001
1110011010
1110011011
1110011100
1110011101
1110011110
1110011111
1110100000
1110100001
1110100010
1110100011
1110100100
1110100101
1110100110
1110100111
1110101000
1110101001
1110101010
1110101011
1110101100
1110101101
1110101110
1110101111
1110110000
1110110001
1110110010
1110110011
1110110100
1110110101
1110110110
1110110111
1110111000
1110111001
1110111010
1110111011
1110111100
1110111101
1110111110
1110111111
