1000000000
1000000001
1000000010
1000000011
1000000100
1000000101
1000000110
1000000111
1000001000
1000001001
1000001010
1000001011
1000001100
1000001101
1000001110
1000001111
1000010000
1000010001
1000010010
1000010011
1000010100
1000010101
1000010110
1000010111
1000011000
1000011001
1000011010
1000011011
1000011100
1000011101
1000011110
1000011111
1000100000
1000100001
1000100010
1000100011
1000100100
1000100101
1000100110
1000100111
1000101000
1000101001
1000101010
1000101011
1000101100
1000101101
1000101110
1000101111
1000110000
1000110001
1000110010
1000110011
1000110100
1000110101
1000110110
1000110111
1000111000
1000111001
1000111010
1000111011
1000111100
1000111101
1000111110
1000111111
