0110000000
0110000001
0110000010
0110000011
0110000100
0110000101
0110000110
0110000111
0110001000
0110001001
0110001010
0110001011
0110001100
0110001101
0110001110
0110001111
0110010000
0110010001
0110010010
0110010011
0110010100
0110010101
0110010110
0110010111
0110011000
0110011001
0110011010
0110011011
0110011100
0110011101
0110011110
0110011111
0110100000
0110100001
0110100010
0110100011
0110100100
0110100101
0110100110
0110100111
0110101000
0110101001
0110101010
0110101011
0110101100
0110101101
0110101110
0110101111
0110110000
0110110001
0110110010
0110110011
0110110100
0110110101
0110110110
0110110111
0110111000
0110111001
0110111010
0110111011
0110111100
0110111101
0110111110
0110111111
