1010000000
1010000001
1010000010
1010000011
1010000100
1010000101
1010000110
1010000111
1010001000
1010001001
1010001010
1010001011
1010001100
1010001101
1010001110
1010001111
1010010000
1010010001
1010010010
1010010011
1010010100
1010010101
1010010110
1010010111
1010011000
1010011001
1010011010
1010011011
1010011100
1010011101
1010011110
1010011111
1010100000
1010100001
1010100010
1010100011
1010100100
1010100101
1010100110
1010100111
1010101000
1010101001
1010101010
1010101011
1010101100
1010101101
1010101110
1010101111
1010110000
1010110001
1010110010
1010110011
1010110100
1010110101
1010110110
1010110111
1010111000
1010111001
1010111010
1010111011
1010111100
1010111101
1010111110
1010111111
