0010000000
0010000001
0010000010
0010000011
0010000100
0010000101
0010000110
0010000111
0010001000
0010001001
0010001010
0010001011
0010001100
0010001101
0010001110
0010001111
0010010000
0010010001
0010010010
0010010011
0010010100
0010010101
0010010110
0010010111
0010011000
0010011001
0010011010
0010011011
0010011100
0010011101
0010011110
0010011111
0010100000
0010100001
0010100010
0010100011
0010100100
0010100101
0010100110
0010100111
0010101000
0010101001
0010101010
0010101011
0010101100
0010101101
0010101110
0010101111
0010110000
0010110001
0010110010
0010110011
0010110100
0010110101
0010110110
0010110111
0010111000
0010111001
0010111010
0010111011
0010111100
0010111101
0010111110
0010111111
