0110111101
1010010100
0010000000
1101011101
1011000000
1001101001
0000010101
0001110001
1100111101
0111101001
0101001000
0011001011
0001111110
1010100111
0001011001
1111101010
0100100001
1010001100
1000101100
0100011010
1101100001
0001111101
0110000000
1001101111
0010000100
0101110110
1111000001
0100001110
1111101100
1100101111
0101010011
1001000011
1001000001
0000001100
1110010100
0010000011
0011111100
1010001101
1100110111
0010101100
1100101010
0001101010
1001010110
0001010010
0111100100
0110100100
1110010010
0110101010
1101000110
0001101101
0111010101
0011000011
1110110110
0010101110
1000111001
0010110011
