0101000100
0111001011
1010101011
0011110000
0001110011
0111101100
1110000001
0011111010
1011111110
0110001101
0101011100
1000011000
0111110111
0011110100
1100010111
0010001001
1110100000
1000100000
0100110100
1001110010
0101100111
0110011011
0000100010
1011100001
0101000101
1011011010
1001000000
0111110001
0001110000
0110110010
1101001010
1000010001
0101100100
1000010111
0000010110
0001000101
0000100011
0000110111
1101110111
1101001001
1001110100
0010000101
0010111100
1001001001
0010101011
1111111001
