1101010100
0100001010
0111011111
1010110010
0010011101
0001110000
1000010000
1111100101
1111011100
1110000101
1001110010
0110010101
0101010110
0100001101
1110110011
1000111001
0100100101
1110001011
0001000100
1010110101
0100010011
1100000100
1101011001
0111111010
0001011010
0010111001
0111001100
1000100000
1111010111
0000110100
1100010010
1001101001
0011010010
0101111011
1000111111
0100011100
0011011011
1001011010
0011000111
0110000000
0011111101
1011001110
0010000111
0100101000
1101100110
0010100010
1100011110
