0000100000
1001100110
1000101100
0001101011
0000010100
0110001010
0001010010
1100110110
0011010000
0010011010
0001100101
0111000111
0001100100
1101000110
1111000011
0100000000
0110001101
1101101010
1001110010
1111100001
0100010101
0100000010
0101011001
1100101100
1101100000
1100101011
1100111011
0111001101
1010110111
0010110110
1100010010
1000011101
1010111001
0010111101
1100010111
0100111001
0010100110
0010001011
1001010100
1110000111
1101000001
0101010001
1110110110
0101011011
0101100010
0000000110
0110111011
0011001100
