1101011111
0100001101
0110011010
1111110011
1100100110
0000000110
1101101010
1000100011
1101110001
0110100000
0110110111
1100111101
1111111001
0101111101
0011011001
1101101011
1000110010
1110110010
1011101110
1000000001
0100101000
0101100001
1110010010
1001010100
1001010011
1000010011
0100101010
0110111011
0000111011
0010110000
1110000111
1011111101
0111100000
1101111000
1000010101
0110001011
1100101101
1100001111
1011100100
1111001001
0001000110
1010110111
0110111001
0001001001
0010000000
1000000010
1001011100
1110011001
0010011111
0001110001
1011011011
1000110100
0010000010
0100001001
0111001001
0011111111
0000101001
0011011110
1111101011
1101110000
1100111011
0000010110
1011110011
