1100100110
1100111110
1010000011
0011100101
0010100110
1010010001
0000011011
1001001110
0100101111
0101011010
1001100011
0001011100
1001010000
0010100101
1001110001
0000010010
0111011000
0101110101
0011011100
0100110010
0110101001
1000001000
1000110001
1111101000
1111101010
0011001010
0000111001
0100100100
0001101001
0100010010
1101010101
0100001011
1011101110
0001011111
1100110101
1110001011
0100110110
1111001110
0111100100
1101001100
0101111111
0101011100
1101100110
0111111101
0001111110
1000100001
1110011100
0011111100
1111110111
1111011010
1000111101
1000111110
1100100101
1010001011
1110010001
0101011111
1101100010
1111001111
1010100011
1011111100
1111010100
0100010011
0110101111
0110011110
