1010110100
1010001101
0100001011
1001001001
1100110001
0100100100
0010000111
0111111100
1101101100
0011100110
1011101011
0101011011
0000110000
1011000100
0110110110
0101101101
1001101111
1001111001
1000100001
0000111111
0011101100
1111000101
0110101000
0001100110
0011101001
0101101000
0110001010
0000011000
0111010111
0011100001
0010101110
0001010111
1111111001
1001000000
0100101001
0011100100
1001110000
0101000101
1001101100
0001111111
0101100111
1111111011
1101111000
1110111011
0011110011
0100111010
0000010101
0110010100
1100110000
0110100010
0000111011
