1111010001
0100011100
1001011010
1111110000
0110110010
0000101101
1110100101
0100010100
0011010110
0111011111
0000101111
0100000100
1000001110
1111001001
1100110100
1000010010
0100011101
1010001000
1101111110
1001010110
1110011100
0011100100
0001100000
0001000100
1100011110
0100101101
0010100000
1101010100
1010001100
1101001101
1101101110
1000001100
1110110100
0111100101
0001100111
1000101000
1010011011
1010101111
1100111010
0111000100
0011000101
1110111101
1111100110
1100000011
0101100101
0010101000
0111100100
1010010111
1001001110
1100001011
1000111110
0111000110
