1011000010
1110001010
1001100011
1100100100
1111010011
0101111000
0011001001
1111000010
0110100011
0000011010
1001001010
1100101111
1110101100
1000011110
0011110100
0001110110
0101111011
0010001101
1011011001
1100000011
0111010111
1111111000
0110101010
1111011111
0100010100
1001101001
1010010110
0011011101
0100000101
1000110100
1110111110
0101100111
1011111111
0010100111
0110000111
0001010100
1001110001
1100001000
1011001011
0010001110
0111101011
0101011111
0111111010
0000011000
0000001000
1010100110
1001111111
0010001001
0101000101
1011111110
0100110100
0011110010
1111001010
1101011011
0111101111
1101000101
