0001011010
1011100000
0101100100
0101001110
1101011001
0111101111
1100100001
0000110100
0011101110
0101010111
1010111111
1111110001
0001111111
1100110010
1110101101
1001100001
0110100010
1110000000
1111000100
0101000100
1100110011
0010011111
1011011010
0010011101
1100101111
1100110001
0000000101
1001001010
0111000000
0001101011
1100010011
0000000111
0111100010
0001010100
0000010011
0110011001
0101110011
1000101100
0100010010
1101000101
0000001011
1001101101
0011000011
1000101001
1111001100
0001110000
0101110001
0010011000
0110010001
0100100010
0110000111
1000001010
0001001000
1100110000
0000011000
1110110011
1111101100
1000101111
1100011101
0110000110
0001111101
0111100000
1101011101
