0001000001
1110110111
1111110101
1101101001
1010110110
1001010110
1000000101
0000101001
1011111110
0101100011
0000011100
0101001010
0110101101
0111011011
0001110101
0010010010
1011110011
1010100011
0110000000
1111011010
0010101110
1000101100
0010100101
1001001101
1011001100
0001011110
0011010100
1110011100
0111111101
1111101011
1111000010
0111101011
1110001011
0110001110
1001101011
1100011111
1110111101
1111010011
0100010101
1000001101
1111111000
1111111010
1111010101
1101000111
1001100110
1111010000
0111000110
0001101101
1010001001
0110001000
0111001110
0110010010
1001001000
1000000010
0111111110
0011000000
1100101010
1011001101
1110011011
1111011100
1000011110
