0010010111
0100111000
1111101111
0111010110
1000111000
0101101101
0100101111
1001001110
1001010011
0001111001
1000110100
1001001111
1001100011
0101101100
0101111110
0001010000
1110110100
1111100000
1100010110
0010111110
0100011101
1111111110
0001000110
1101001001
1000000010
1101011010
1010100100
1111111010
1101011111
0001110001
1000110001
1101101010
1101100011
1010000111
0010011101
1111100010
0101001011
0001110101
1001000001
0101011000
0001010011
1001101111
1010011101
0101110000
0010011111
1000111010
0110011111
0111111110
0100001000
0101111000
