1010000100
1101100001
1100100001
1011101111
1100001000
1011000111
0001111010
0111111111
0000110101
1001010101
1110111011
1100010010
0100111100
0011110110
0000010011
0000111110
0100011101
0011011100
1010110000
0111000100
1101001001
0100101000
1000011001
0101101110
1001110101
0111011101
0001011110
0011001111
1100110111
0000000101
1001110111
1110101101
1101110011
0010110010
0100111000
0000100110
1100111011
1101000010
1011011110
0110100000
0001010100
0101110101
0011000011
1100010100
0110100011
1010101101
1010011101
1011010100
0101100101
0100100110
0001001100
