1010000010
1001001001
0110110101
0101111001
0010000011
1000100000
0101110010
1011101111
0110000010
1011001011
0101100001
0010010010
0011011110
1011100111
0011010000
1100110011
1100101110
0101000010
1011000001
0000111001
0100011101
1011010100
1110011001
1111100010
1000110110
0010011101
0100110010
0110100100
0010111101
0111011111
0001010001
0001000010
0011111010
0011110100
0111100000
0001100110
0100101111
0101111101
1011110110
1000001101
0100000100
0001000100
1101110110
1111010110
1010010010
1111010000
0100000101
0010001001
1110010001
1000010011
1111000010
1110010000
0000110011
0000111010
1111011111
1110001110
0000001010
0111011000
1001001100
0011110111
1001100000
