1010110111
1101010000
0110111000
0100100111
0110111111
1111110111
0100011111
1001011000
0101111111
0100000010
1001110011
1111010101
1111001100
0011001101
0000011001
0100110101
0110001011
0111110101
0101101000
1011110111
1101000100
0100001001
0100110111
0001100000
0100111110
0101111011
1010000100
0111000101
1011111111
1101011101
1111001111
1000000000
0100010010
0110011001
0111011111
1000101011
1010000011
0001100111
0011100000
0110100010
0011001010
1100001001
1000101000
0000101000
1110111010
0010101111
1011110010
0110000101
1111010011
1111101000
0101110101
1001001110
1101001000
0000000101
1101001100
1100001000
0110100110
