0010100110
0010001101
1000000011
1111010111
1101010010
1101100110
0111100100
1100001100
1100111110
0011000110
1100110110
1101101100
0100001011
1011010111
1010010010
0110011101
0011100011
0100100111
0001011101
1101110100
0011010001
1100100111
0100010001
1111100100
1000111100
1100010001
1111010110
1100110011
0111111010
0110010000
1100000000
0001010000
0110101000
0111100111
1110111111
1110001010
1001001111
1011001110
0001000000
0000101000
1000011000
1001001110
1101111101
0000010110
0100001001
0101001000
0100000111
1111011000
1000011011
1111001010
1110101011
1110110011
0110001100
0110001001
1110111001
0101000111
0111110110
0010100111
1111101100
0110110111
1111111101
